dataset,backbone,class,image,condition,perturbation,severity,sgi,csi,feature_drift,cam_entropy,delta_entropy,cam_js_distance,cam_js_divergence
WRD25,efficientnet_b3,0,5-Cassia_siamea080.jpg,jpeg_30,jpeg,30,0.00123138427734375,0.868284184398295,0.015391290187835693,1.5824279571528859,0.0040879078460471785,0.04400020092725754,0.001936017681639035
WRD25,efficientnet_b3,0,01201.jpg,jpeg_30,jpeg,30,0.00581207275390625,0.7483728211874369,0.007289111614227295,1.3822268525752386,-0.04308964091427736,0.0597357451915741,0.003568359253592668
WRD25,efficientnet_b3,0,5-Cassia_siamea097.jpg,jpeg_30,jpeg,30,0.000965118408203125,0.9200483127025851,0.015621542930603027,1.5836115757430513,-0.001199133065559188,0.01353385765105486,0.00018316530291901615
WRD25,efficientnet_b3,0,5-Cassia_siamea038.jpg,jpeg_30,jpeg,30,0.0010650634765625,0.8761887832807348,0.013842403888702393,1.4907367270348568,-0.00970585789030487,0.016099635511636734,0.0002591982636075546
WRD25,efficientnet_b3,0,5-Cassia_siamea010.jpg,jpeg_30,jpeg,30,0.00089111328125,0.2744781317613835,0.013201594352722168,1.5580196138507245,0.012523703294060384,0.022686561569571495,0.0005146800758499583
WRD25,efficientnet_b3,0,5-Cassia_siamea095.jpg,jpeg_30,jpeg,30,0.0012176513671875,0.9193975805858692,0.014117240905761719,1.584459246382061,-0.0004065509842055004,0.013176262378692627,0.00017361389027215068
WRD25,efficientnet_b3,0,20180108110717.jpg,jpeg_30,jpeg,30,0.0018646240234375,0.8364370876462459,0.007703721523284912,1.4162178522815139,0.026217970512256272,0.015160380862653255,0.00022983714790070307
WRD25,efficientnet_b3,0,01105.jpg,jpeg_30,jpeg,30,0.00129547119140625,0.8199211325881895,0.008803009986877441,1.1565717309303425,0.02420209466645007,0.029421525076031685,0.0008656261377995612
WRD25,efficientnet_b3,0,5-Cassia_siamea054.jpg,jpeg_30,jpeg,30,0.00099945068359375,0.8786805528979578,0.013124227523803711,1.5502877106577206,0.003098428661516328,0.012438786216080189,0.0001547234025293465
WRD25,efficientnet_b3,0,5-Cassia_siamea053.jpg,jpeg_30,jpeg,30,0.0013153076171875,0.8505511094678466,0.013264119625091553,1.5200257198233982,0.04856903688187719,0.03683571517467499,0.0013568699124297812
WRD25,efficientnet_b3,1,20180115180251.jpg,jpeg_30,jpeg,30,0.001387786865234375,0.8140822090129239,0.012399375438690186,1.3523232922903101,-0.024436812013643783,0.01732533797621727,0.0003001673359901563
WRD25,efficientnet_b3,1,WIN_20171014_15_52_23_Pro.jpg,jpeg_30,jpeg,30,0.001271820068359375,0.8604219653631068,0.007276296615600586,1.1426695445139643,0.0067324361791725185,0.0039902315475046635,1.592194780270146e-05
WRD25,efficientnet_b3,1,20180115180049.jpg,jpeg_30,jpeg,30,0.002960968017578125,0.8406744133788399,0.02219146490097046,1.4416078617935915,-0.03586386185613266,0.024923324584960938,0.0006211721083673183
WRD25,efficientnet_b3,1,20180115180322.jpg,jpeg_30,jpeg,30,0.00116729736328125,0.6592769869100478,0.01754295825958252,1.2656399432553678,-0.17232171293989396,0.09544795006513596,0.009110311171636687
WRD25,efficientnet_b3,1,20180115175948.jpg,jpeg_30,jpeg,30,0.001364898681640625,0.8539201678419753,0.015469849109649658,1.4046625016476053,-0.005168144702978106,0.008010094054043293,6.416160675461972e-05
WRD25,efficientnet_b3,1,20180115180217.jpg,jpeg_30,jpeg,30,0.001537322998046875,0.841361406277226,0.010979294776916504,1.3350224191868298,0.010240399204161532,0.013139633461833,0.00017264996751132147
WRD25,efficientnet_b3,1,WIN_20171014_15_51_07_Pro.jpg,jpeg_30,jpeg,30,0.00137176513671875,0.8128972574976597,0.008511841297149658,1.1531984008405491,-0.06692337326640296,0.035340771079063416,0.0012489701004627651
WRD25,efficientnet_b3,1,20180115175936.jpg,jpeg_30,jpeg,30,0.001450347900390625,0.8344732320041445,0.01607382297515869,1.3771644367293647,0.005487237974776349,0.007892969064414501,6.229896065180433e-05
WRD25,efficientnet_b3,1,WIN_20171014_15_50_38_Pro.jpg,jpeg_30,jpeg,30,0.00193023681640625,0.8529347162164475,0.009064912796020508,1.237072229366721,-0.005322268467724767,0.015910184010863304,0.00025313395525953034
WRD25,efficientnet_b3,1,20180115180055.jpg,jpeg_30,jpeg,30,0.0011749267578125,0.8689339672536075,0.01830059289932251,1.3914400787336927,-0.01308945386203364,0.007432205136865377,5.5237673196448104e-05
WRD25,efficientnet_b3,2,95b53916-d122-11e8-a233-b8ca3af93c9a.jpg,jpeg_30,jpeg,30,0.001604461669921875,0.8957211777498354,0.011054635047912598,1.3852688196205762,0.0017887955435624825,0.0035072651226073503,1.2300908640257952e-05
WRD25,efficientnet_b3,2,20180108105744.jpg,jpeg_30,jpeg,30,0.003925323486328125,0.8630375997870368,0.006360530853271484,1.5689106410346285,-0.0005689139073734584,0.006911389529705048,4.776730523131656e-05
WRD25,efficientnet_b3,2,196cd24c-d122-11e8-83e7-b8ca3af93c9a.jpg,jpeg_30,jpeg,30,0.001902008056640625,0.8902959503817933,0.006551563739776611,1.4473821707046142,-0.008850513467882681,0.00940893404185772,8.852803980402904e-05
WRD25,efficientnet_b3,2,20180108105833.jpg,jpeg_30,jpeg,30,0.0019561767578125,0.8248438180980355,0.007542848587036133,1.120043536607826,-0.002870662197312246,0.0068734027445316315,4.7243665288534964e-05
WRD25,efficientnet_b3,2,88cc1c38-d122-11e8-989d-b8ca3af93c9a.jpg,jpeg_30,jpeg,30,0.002486419677734375,0.8488891099250017,0.006968021392822266,1.323018946976906,-0.06623040321310492,0.03814120590686798,0.001454751588030101
WRD25,efficientnet_b3,2,c43e2f18-d122-11e8-ad2a-b8ca3af93c9a.jpg,jpeg_30,jpeg,30,0.001922607421875,0.8540754450654059,0.008725285530090332,1.361550543189168,-0.040229064452910634,0.02248741313815117,0.0005056837496458938
WRD25,efficientnet_b3,2,85819dbe-d122-11e8-8aa4-b8ca3af93c9a.jpg,jpeg_30,jpeg,30,0.002191925048828125,0.8828988613632598,0.007237136363983154,1.3647776497383615,-0.035786866492404146,0.01986868679523468,0.00039476471496713295
WRD25,efficientnet_b3,2,WIN_20171029_13_36_00_Pro.jpg,jpeg_30,jpeg,30,0.004538726806640625,0.7352739219125612,0.005460798740386963,1.385483429935259,-0.12011663016208485,0.0832560583949089,0.0069315712594564816
WRD25,efficientnet_b3,2,WIN_20171029_13_34_41_Pro.jpg,jpeg_30,jpeg,30,0.006327056884765625,0.6692806315629266,0.005321502685546875,1.5456811829691297,0.10347662842827376,0.0938611626625061,0.00880991785635743
WRD25,efficientnet_b3,2,b5896ec0-d121-11e8-ac03-b8ca3af93c9a.jpg,jpeg_30,jpeg,30,0.00163116455078125,0.8490401478956014,0.006592690944671631,1.2281380486947828,-0.03970200726547546,0.021918633952736855,0.00048042651435406883
WRD25,efficientnet_b3,3,20180108104935.jpg,jpeg_30,jpeg,30,0.003924560546875,0.8347790643789418,0.0066002607345581055,1.4759021816794835,0.029286077515569442,0.027392633259296417,0.0007503563568783123
WRD25,efficientnet_b3,3,WIN_20171029_11_48_46_Pro.jpg,jpeg_30,jpeg,30,0.005844879150390625,0.650569344406205,0.00808727741241455,1.5628477525666047,0.012818659634402874,0.10726545751094818,0.01150587837503303
WRD25,efficientnet_b3,3,20180108104934.jpg,jpeg_30,jpeg,30,0.004802703857421875,0.5986350138696066,0.006165623664855957,1.558481344530426,0.10685836556559636,0.13717767596244812,0.018817714782458417
WRD25,efficientnet_b3,3,20180108104941.jpg,jpeg_30,jpeg,30,0.00351409912109375,0.8589096028006332,0.007044553756713867,1.4822735310080497,-0.006595321285988831,0.02667110599577427,0.0007113478950378262
WRD25,efficientnet_b3,3,64d50d82-d125-11e8-b034-b8ca3af93c9a.jpg,jpeg_30,jpeg,30,0.00112152099609375,0.8175742033364193,0.0075836181640625,1.1535172935737128,-0.011740572344086875,0.017518924549221992,0.000306912717361333
WRD25,efficientnet_b3,3,20180108105019.jpg,jpeg_30,jpeg,30,0.003810882568359375,0.331084197734149,0.007686197757720947,1.5659137173747686,0.010867135027672337,0.0374748520553112,0.0014043645365674623
WRD25,efficientnet_b3,3,8717f642-d126-11e8-83a1-b8ca3af93c9a.jpg,jpeg_30,jpeg,30,0.00257720947265625,0.8980769345786438,0.00645291805267334,1.5194337947848944,-0.00037390399688708165,0.0037524988874793053,1.4081247900533424e-05
WRD25,efficientnet_b3,3,20180108104922.jpg,jpeg_30,jpeg,30,0.00484466552734375,0.755179882722337,0.006926238536834717,1.3879693662813903,-0.08325367484512913,0.04537814110517502,0.0020591756901611746
WRD25,efficientnet_b3,3,20180108104957.jpg,jpeg_30,jpeg,30,0.004048919677734375,0.854079293162166,0.0054457783699035645,1.4362248575753065,0.011433510947385095,0.006703824270516634,4.494125984996788e-05
WRD25,efficientnet_b3,3,9a4e7ac4-d126-11e8-9324-b8ca3af93c9a.jpg,jpeg_30,jpeg,30,0.002965545654296875,0.8449211652662884,0.0074086785316467285,1.5167398820128009,-0.011370156318870617,0.016802484169602394,0.00028232347426973906
WRD25,efficientnet_b3,4,438e4b48-d125-11e8-b1e9-b8ca3af93c9a.jpg,jpeg_30,jpeg,30,0.001271820068359375,0.8724225392872397,0.007577359676361084,1.203091609850577,0.01055118405894695,0.00707140751183033,5.000480419837042e-05
WRD25,efficientnet_b3,4,WIN_20171029_13_48_23_Pro.jpg,jpeg_30,jpeg,30,0.0013397216796875,0.8645464873816388,0.010595500469207764,1.3098185973879979,-0.03808776462385577,0.0285592433065176,0.0008156303782408704
WRD25,efficientnet_b3,4,WIN_20171029_13_44_23_Pro.jpg,jpeg_30,jpeg,30,0.00459442138671875,0.8368458134462943,0.006204783916473389,1.5163816711865654,-0.0018767292330552632,0.003143162466585636,9.8794702913527e-06
WRD25,efficientnet_b3,4,WIN_20171029_13_45_52_Pro.jpg,jpeg_30,jpeg,30,0.004970550537109375,0.8030557319722454,0.005494654178619385,1.4736195902582443,-0.020615420768547166,0.02856825850903988,0.0008161453942393294
WRD25,efficientnet_b3,4,WIN_20171029_13_42_56_Pro.jpg,jpeg_30,jpeg,30,0.00540008544921875,0.6820120660998015,0.005274832248687744,1.5155621789530485,0.05076462350016997,0.04735443368554115,0.0022424423896783147
WRD25,efficientnet_b3,4,20180108103854.jpg,jpeg_30,jpeg,30,0.003336334228515625,0.7902944142256012,0.005853831768035889,1.4695362771202172,-0.003215161757538443,0.03695469722151756,0.0013656496467340379
WRD25,efficientnet_b3,4,WIN_20171029_13_45_05_Pro.jpg,jpeg_30,jpeg,30,0.00348052978515625,0.38426510028532795,0.0070035457611083984,1.5842347290850254,0.3360680687884212,0.2627808153629303,0.06905375692280646
WRD25,efficientnet_b3,4,WIN_20171029_13_42_37_Pro.jpg,jpeg_30,jpeg,30,0.00536041259765625,0.8122411955493885,0.005986392498016357,1.553668573037979,-0.006107207592664032,0.027064912021160126,0.0007325094627131379
WRD25,efficientnet_b3,4,20180108104500.jpg,jpeg_30,jpeg,30,0.003955078125,0.79558241591879,0.005463719367980957,1.3984816541704501,-0.018143191197397934,0.05070257559418678,0.002570751171884225
WRD25,efficientnet_b3,4,WIN_20171029_13_40_11_Pro.jpg,jpeg_30,jpeg,30,0.001641082763671875,0.8609298097978737,0.007674872875213623,1.3318869681085181,0.03015381611532275,0.01647684909403324,0.00027148655606754404
WRD25,efficientnet_b3,5,20180108104802.jpg,jpeg_30,jpeg,30,0.002370452880859375,0.8122667324150692,0.006213247776031494,1.2371675000365525,-0.005686074819065023,0.026370083913207054,0.0006953813255895815
WRD25,efficientnet_b3,5,20180108104759.jpg,jpeg_30,jpeg,30,0.001340484619140625,0.6187345467867119,0.006146848201751709,1.052737749912373,-0.19201907936510554,0.08904320001602173,0.007928691469093252
WRD25,efficientnet_b3,5,20180108104830.jpg,jpeg_30,jpeg,30,0.0019744873046875,0.7950504904081545,0.006875216960906982,1.1864524397055465,-0.028698740565087144,0.014059997163712978,0.000197683520243617
WRD25,efficientnet_b3,5,WIN_20171029_13_06_38_Pro.jpg,jpeg_30,jpeg,30,0.00494537353515625,0.41757425463997433,0.011632144451141357,1.5206736358317554,0.3922447574376491,0.20107366144657135,0.040430617327530394
WRD25,efficientnet_b3,5,20180108104743.jpg,jpeg_30,jpeg,30,0.003302764892578125,0.8795593924323684,0.005986809730529785,1.4879828836964928,-0.014771757496181204,0.011150328442454338,0.00012432982437460618
WRD25,efficientnet_b3,5,20180108104827.jpg,jpeg_30,jpeg,30,0.002291107177734375,0.8072026264558979,0.007739901542663574,1.2133527164380156,0.021993774185044224,0.011539660394191742,0.0001331637620132775
WRD25,efficientnet_b3,5,20180108104739.jpg,jpeg_30,jpeg,30,0.003868865966796875,0.6831506065342939,0.005960941314697266,1.488459820849957,0.0072595419456289445,0.07577275484800339,0.005741510377255621
WRD25,efficientnet_b3,5,20180108104804.jpg,jpeg_30,jpeg,30,0.0034576416015625,0.8278433275640958,0.005761086940765381,1.3711217815227859,-0.0052563661631406244,0.017105476930737495,0.00029259734102799265
WRD25,efficientnet_b3,5,20180108104727.jpg,jpeg_30,jpeg,30,0.00324859619140625,0.8603089923755722,0.005964875221252441,1.4738507594126284,-0.02955378258489194,0.02428530529141426,0.0005897760530971935
WRD25,efficientnet_b3,5,20180108104809.jpg,jpeg_30,jpeg,30,0.0039947509765625,0.7463650641377262,0.006330132484436035,1.4134900518733229,0.003483743559358654,0.025157740339636803,0.0006329118989965889
WRD25,efficientnet_b3,6,20180108103727.jpg,jpeg_30,jpeg,30,0.003046417236328125,0.6825429938536093,0.009578406810760498,1.4845610170917123,0.14658137481318323,0.09444670379161835,0.008920179857101695
WRD25,efficientnet_b3,6,20180108103729.jpg,jpeg_30,jpeg,30,0.003272247314453125,0.7955163756173252,0.0077667236328125,1.5562889192108982,-0.009423750263153785,0.015190329402685165,0.00023074610736208145
WRD25,efficientnet_b3,6,20180319132354.jpg,jpeg_30,jpeg,30,0.00189666748046875,0.716568931344157,0.006806910037994385,1.2124061494598666,0.09559475840379084,0.05017014592885971,0.0025170435425230786
WRD25,efficientnet_b3,6,20180108103723.jpg,jpeg_30,jpeg,30,0.002281951904296875,0.8034004124559034,0.009368479251861572,1.350479481404435,0.05268099965874162,0.03716709092259407,0.0013813926476483745
WRD25,efficientnet_b3,6,20180319132346.jpg,jpeg_30,jpeg,30,0.005632781982421875,0.6453484296485694,0.007916152477264404,1.548630105518777,0.08538827881746869,0.1475771814584732,0.021779024487227128
WRD25,efficientnet_b3,6,20180108103656.jpg,jpeg_30,jpeg,30,0.002704620361328125,0.8175775168605263,0.009275615215301514,1.4877813691126096,-0.04716112210004941,0.04203324019908905,0.0017667932816343157
WRD25,efficientnet_b3,6,20180108103701.jpg,jpeg_30,jpeg,30,0.00525970458984375,0.7520781319833952,0.007224678993225098,1.58408062336367,0.01088857504845131,0.04343881085515022,0.0018869302885095168
WRD25,efficientnet_b3,6,20180108103700.jpg,jpeg_30,jpeg,30,0.00284881591796875,0.7594290574520229,0.00877159833908081,1.4138653206882854,-0.11559834350653797,0.0824684426188469,0.006801044027978043
WRD25,efficientnet_b3,6,20180108103716.jpg,jpeg_30,jpeg,30,0.002611541748046875,0.8238411552766332,0.00845879316329956,1.3913569379379547,-0.0020922011667903195,0.0018774047493934631,3.524648593045132e-06
WRD25,efficientnet_b3,6,20180319132401.jpg,jpeg_30,jpeg,30,0.00653533935546875,0.7702017263328917,0.00735396146774292,1.3540400046671088,0.05232162549139918,0.02810128778219223,0.0007896823750175863
WRD25,efficientnet_b3,7,WIN_20171014_15_07_18_Pro.jpg,jpeg_30,jpeg,30,0.00460357666015625,0.5071442555600895,0.00820469856262207,1.546585591951637,-0.023598068987390697,0.12955425679683685,0.016784305454180748
WRD25,efficientnet_b3,7,3fb2faac-d123-11e8-bfe1-b8ca3af93c9a.jpg,jpeg_30,jpeg,30,0.0017303466796875,0.8585720414708903,0.006951510906219482,1.3603581858033973,-0.04172155782817599,0.033454589545726776,0.0011192095616730513
WRD25,efficientnet_b3,7,2f3bb118-d124-11e8-88b3-b8ca3af93c9a.jpg,jpeg_30,jpeg,30,0.00167999267578125,0.8891572860089639,0.006451845169067383,1.2273501665281672,-0.01911045149602364,0.009566628374159336,9.15203784492705e-05
WRD25,efficientnet_b3,7,WIN_20171014_15_08_10_Pro.jpg,jpeg_30,jpeg,30,0.001349639892578125,0.7914703987039275,0.008253931999206543,1.1905260533666733,-0.03911165897749158,0.021736036986112595,0.0004724553038616547
WRD25,efficientnet_b3,7,35243c4e-d124-11e8-a39a-b8ca3af93c9a.jpg,jpeg_30,jpeg,30,0.002672576904296875,0.8717157472334667,0.007099926471710205,1.3963019852308762,0.03976745640791002,0.026427235454320908,0.000698398773758116
WRD25,efficientnet_b3,7,WIN_20170906_16_11_12_Pro.jpg,jpeg_30,jpeg,30,0.001811981201171875,0.8481861037851973,0.007576107978820801,1.243293596454578,-0.005624626150116496,0.0027895637322217226,7.781665816126786e-06
WRD25,efficientnet_b3,7,20180108105238.jpg,jpeg_30,jpeg,30,0.002613067626953125,0.9068321422128012,0.009561240673065186,1.5383035320030491,0.0073449326186731945,0.008647291921079159,7.477565756836089e-05
WRD25,efficientnet_b3,7,976830e6-d123-11e8-a4cd-b8ca3af93c9a.jpg,jpeg_30,jpeg,30,0.002327728271484375,0.8970793388793635,0.008981049060821533,1.3639173816648724,-0.021277095631900167,0.011364991776645184,0.00012916303808321265
WRD25,efficientnet_b3,7,a1e6b0ec-d123-11e8-911d-b8ca3af93c9a.jpg,jpeg_30,jpeg,30,0.001631927490234375,0.5191573071772994,0.008957087993621826,1.1745826486314959,-0.31957631441958045,0.17538057267665863,0.03075834527239274
WRD25,efficientnet_b3,7,7a91c8d8-d123-11e8-a3df-b8ca3af93c9a.jpg,jpeg_30,jpeg,30,0.002077484130859375,0.8837641539978079,0.0072329044342041016,1.291438006942359,-0.004263182933796905,0.0030098806601017714,9.059381588054675e-06
WRD25,efficientnet_b3,8,2-Dalbergia_stevensonii029.jpg,jpeg_30,jpeg,30,0.002215576171875,0.921341921521515,0.009401023387908936,1.5432649489643198,-0.005322700250126822,0.005653695203363895,3.196426945253992e-05
WRD25,efficientnet_b3,8,2-Dalbergia_stevensonii065.jpg,jpeg_30,jpeg,30,0.00162506103515625,0.7757685336784661,0.011122286319732666,1.289648942909705,-0.13490607253356446,0.0730249360203743,0.00533264128077976
WRD25,efficientnet_b3,8,2-Dalbergia_stevensonii055.jpg,jpeg_30,jpeg,30,0.0021484375,0.9167276900102731,0.011601865291595459,1.5439588713470078,0.002940956332633249,0.01309591718018055,0.00017150304679014808
WRD25,efficientnet_b3,8,2-Dalbergia_stevensonii031.jpg,jpeg_30,jpeg,30,0.002013397216796875,0.8877028513447232,0.009683012962341309,1.4740277576674414,-0.03810044625722475,0.032409604638814926,0.001050382472844294
WRD25,efficientnet_b3,8,2-Dalbergia_stevensonii054.jpg,jpeg_30,jpeg,30,0.00203857421875,0.920646395166592,0.011164844036102295,1.5388075905365683,-0.0036465081632977014,0.00863603688776493,7.458113312683659e-05
WRD25,efficientnet_b3,8,2-Dalbergia_stevensonii024.jpg,jpeg_30,jpeg,30,0.00206756591796875,0.8828629347195879,0.009905517101287842,1.520934753895069,-0.0011138828511896293,0.03360775113105774,0.0011294809360871128
WRD25,efficientnet_b3,8,2-Dalbergia_stevensonii030.jpg,jpeg_30,jpeg,30,0.001885223388671875,0.9290686958289759,0.009759902954101562,1.5229637754543464,-0.009573415106661542,0.012061153538525105,0.00014547142467987665
WRD25,efficientnet_b3,8,2-Dalbergia_stevensonii080.jpg,jpeg_30,jpeg,30,0.00206298828125,0.8746046715856967,0.00935906171798706,1.5466579728649084,-0.017045308989950936,0.02430923841893673,0.0005909390725087095
WRD25,efficientnet_b3,8,2-Dalbergia_stevensonii096.jpg,jpeg_30,jpeg,30,0.001747894287109375,0.8955946155824098,0.012670457363128662,1.5502272859853086,-0.012440951628958308,0.017743144184350967,0.00031481916554666756
WRD25,efficientnet_b3,8,2-Dalbergia_stevensonii091.jpg,jpeg_30,jpeg,30,0.002686309814453125,0.8498462091968038,0.01333385705947876,1.4387184681509395,-0.048538760096897615,0.03196023032069206,0.0010214563221516842
WRD25,efficientnet_b3,9,1-Dalbergia_tucurensis088.jpg,jpeg_30,jpeg,30,0.0034515380859375,0.8402231485157485,0.010280370712280273,1.4351220708583998,-0.03730907157629182,0.024929886683821678,0.0006214992500681894
WRD25,efficientnet_b3,9,1-Dalbergia_tucurensis065.jpg,jpeg_30,jpeg,30,0.003540802001953125,0.801729043730694,0.01054990291595459,1.4381517312322902,0.016637142484236644,0.01650073193013668,0.0002722741542302322
WRD25,efficientnet_b3,9,1-Dalbergia_tucurensis046.jpg,jpeg_30,jpeg,30,0.0037872314453125,0.8175467740022991,0.012754440307617188,1.3954905241946274,-0.04776943095802144,0.028509801253676414,0.0008128087675241293
WRD25,efficientnet_b3,9,1-Dalbergia_tucurensis067.jpg,jpeg_30,jpeg,30,0.00353240966796875,0.8138000726082977,0.009721755981445312,1.4892649161670064,0.031587216689802355,0.02941039577126503,0.000864971379422444
WRD25,efficientnet_b3,9,1-Dalbergia_tucurensis016.jpg,jpeg_30,jpeg,30,0.00430145263671875,0.8343442590969743,0.013406097888946533,1.4730514032861084,-0.056109991787748115,0.049712639302015305,0.0024713465063722767
WRD25,efficientnet_b3,9,1-Dalbergia_tucurensis042.jpg,jpeg_30,jpeg,30,0.002846527099609375,0.8395459872858569,0.011282384395599365,1.3613195193781236,-0.015957949598606858,0.01373535580933094,0.0001886599992089212
WRD25,efficientnet_b3,9,1-Dalbergia_tucurensis036.jpg,jpeg_30,jpeg,30,0.0033233642578125,0.7834297015446291,0.012376129627227783,1.508120633871154,-0.06376152509911082,0.08234718441963196,0.006781058781840876
WRD25,efficientnet_b3,9,1-Dalbergia_tucurensis052.jpg,jpeg_30,jpeg,30,0.003564453125,0.45589739741856866,0.00976341962814331,1.3421249420499703,-0.20018430882713933,0.1733158677816391,0.030038390024902606
WRD25,efficientnet_b3,9,1-Dalbergia_tucurensis090.jpg,jpeg_30,jpeg,30,0.002074432373046875,0.8594200114154645,0.009387373924255371,1.3013380135031565,-0.02766764663555188,0.013935267925262451,0.00019419169214884846
WRD25,efficientnet_b3,9,1-Dalbergia_tucurensis025.jpg,jpeg_30,jpeg,30,0.00418548583984375,0.8025319497598042,0.011882781982421875,1.4156734652971255,0.015645915086811124,0.013751217164099216,0.0001890959734942169
WRD25,efficientnet_b3,10,3-Diospyros_crassiflora041.jpg,jpeg_30,jpeg,30,0.003173828125,0.86310982347351,0.010621726512908936,1.5310249595706544,-0.002843483722264617,0.015216539613902569,0.00023154307782146614
WRD25,efficientnet_b3,10,3-Diospyros_crassiflora094.jpg,jpeg_30,jpeg,30,0.0025482177734375,0.3640213513754893,0.006779789924621582,1.4634647738521833,-0.07264287466189856,0.061659201979637146,0.0038018571887656893
WRD25,efficientnet_b3,10,3-Diospyros_crassiflora016.jpg,jpeg_30,jpeg,30,0.0043365478515625,0.7896826440251209,0.009601473808288574,1.3713531113755635,-0.055021060145074685,0.03261306881904602,0.0010636122577958318
WRD25,efficientnet_b3,10,3-Diospyros_crassiflora021.jpg,jpeg_30,jpeg,30,0.003995513916015625,0.8959476981109628,0.008950650691986084,1.5269557005796515,0.0019198462394001137,0.002689905231818557,7.235590156164844e-06
WRD25,efficientnet_b3,10,3-Diospyros_crassiflora058.jpg,jpeg_30,jpeg,30,0.003353118896484375,0.7358622452616825,0.007522225379943848,1.2490814917888915,-0.10959645525952699,0.05667166784405708,0.0032116779362271336
WRD25,efficientnet_b3,10,3-Diospyros_crassiflora103.jpg,jpeg_30,jpeg,30,0.002581024169921875,0.8198545332710676,0.008637726306915283,1.2219180264618248,0.04812153198737423,0.025592191144824028,0.0006549602475932094
WRD25,efficientnet_b3,10,3-Diospyros_crassiflora032.jpg,jpeg_30,jpeg,30,0.005072021484375,0.3928425422891919,0.009209036827087402,1.5111287380892588,0.1255076622209741,0.24008509516716003,0.05764085292142429
WRD25,efficientnet_b3,10,3-Diospyros_crassiflora046.jpg,jpeg_30,jpeg,30,0.00597686767578125,0.7685466153852029,0.009754419326782227,1.5372413365263546,0.004105680439074,0.026983218267560005,0.000728094068074784
WRD25,efficientnet_b3,10,3-Diospyros_crassiflora003.jpg,jpeg_30,jpeg,30,0.00293731689453125,0.8245845755198665,0.008314073085784912,1.3095719866443516,-0.06370333908134329,0.03350277617573738,0.0011224360114815563
WRD25,efficientnet_b3,10,3-Diospyros_crassiflora030.jpg,jpeg_30,jpeg,30,0.00447540283203125,0.8427757021660005,0.009363770484924316,1.4973341535069018,0.06288220379770171,0.042403291910886765,0.001798039164879875
WRD25,efficientnet_b3,11,20180108105935.jpg,jpeg_30,jpeg,30,0.00467681884765625,0.8298538924183726,0.004814743995666504,1.4269497004863034,-0.03214425946767974,0.02057105489075184,0.00042316829931832514
WRD25,efficientnet_b3,11,c298987a-d126-11e8-9b63-b8ca3af93c9a.jpg,jpeg_30,jpeg,30,0.001111602783203125,0.7320692552491085,0.008371591567993164,1.0743954006886278,-0.06739119761727475,0.040692683309316635,0.0016558944749123367
WRD25,efficientnet_b3,11,20180108105913.jpg,jpeg_30,jpeg,30,0.002379608154296875,0.8599504523963805,0.006046593189239502,1.337043967805805,-0.031470261616522555,0.018153361976146698,0.00032954455103700875
WRD25,efficientnet_b3,11,20180108105924.jpg,jpeg_30,jpeg,30,0.00201263427734375,0.8308002880251144,0.0056362152099609375,1.4766897122674538,-0.032239943860743026,0.03331577777862549,0.0011099410489947559
WRD25,efficientnet_b3,11,20180108105927.jpg,jpeg_30,jpeg,30,0.00248870849609375,0.6840124953645348,0.005275905132293701,1.4034951145272492,0.0677027401956567,0.03994746133685112,0.001595799667259215
WRD25,efficientnet_b3,11,20180108105915.jpg,jpeg_30,jpeg,30,0.00167388916015625,0.7780846935366226,0.005897939205169678,0.671913432612509,0.09205634218938474,0.026829855516552925,0.0007198411470391054
WRD25,efficientnet_b3,11,20180108105922.jpg,jpeg_30,jpeg,30,0.0020904541015625,0.8364199429951609,0.00514298677444458,0.9226788401446672,-0.027658985574556483,0.010966785252094269,0.00012027037876555235
WRD25,efficientnet_b3,11,20180108110001.jpg,jpeg_30,jpeg,30,0.00321197509765625,0.7785245246121831,0.005064904689788818,1.3162628191956527,-0.06018808177756396,0.04822399094700813,0.0023255533028571224
WRD25,efficientnet_b3,11,d4077680-d126-11e8-a4b6-b8ca3af93c9a.jpg,jpeg_30,jpeg,30,0.0025604248046875,0.8507091520594283,0.00671011209487915,1.2793205871017737,0.0034915312131347243,0.002340769860893488,5.479203541667319e-06
WRD25,efficientnet_b3,11,20180108105955.jpg,jpeg_30,jpeg,30,0.00375518798828125,0.81508533605417,0.005115211009979248,1.3647040074323282,-0.011301437943247894,0.005465166177600622,2.9868041348789795e-05
WRD25,efficientnet_b3,12,20180115190907.jpg,jpeg_30,jpeg,30,0.002243804931640625,0.8295708519298112,0.019842028617858887,1.511492389642582,0.06275508821271969,0.045301880687475204,0.002052260393822239
WRD25,efficientnet_b3,12,WIN_20171014_14_58_49_Pro.jpg,jpeg_30,jpeg,30,0.00159454345703125,0.8794777113600456,0.009253323078155518,1.363410733135118,0.022420562370347064,0.012339304201304913,0.00015225842817234107
WRD25,efficientnet_b3,12,20180115191250.jpg,jpeg_30,jpeg,30,0.0020843505859375,0.7851024556454155,0.015521228313446045,1.3360414693187104,0.03624736099302339,0.027561403810977936,0.0007596309800317891
WRD25,efficientnet_b3,12,WIN_20171014_14_58_33_Pro.jpg,jpeg_30,jpeg,30,0.001555633544921875,0.78104193681467,0.008355498313903809,1.3584271151109495,-0.06416542064461739,0.05555380508303642,0.0030862252592040035
WRD25,efficientnet_b3,12,20180115190948.jpg,jpeg_30,jpeg,30,0.001886749267578125,0.7681939769368743,0.017105698585510254,1.3608395105105515,-0.10900639550457081,0.06860774010419846,0.004707022002205241
WRD25,efficientnet_b3,12,20180115190912.jpg,jpeg_30,jpeg,30,0.002272796630859375,0.8165243366318004,0.01233983039855957,1.4002662616378894,-0.06084211294181774,0.046454351395368576,0.0021580067635643824
WRD25,efficientnet_b3,12,20180115190832.jpg,jpeg_30,jpeg,30,0.002410125732421875,0.8297057619517161,0.015593290328979492,1.4013906516539025,-0.02654373961606593,0.017644524574279785,0.00031132924745236323
WRD25,efficientnet_b3,12,20180115191106.jpg,jpeg_30,jpeg,30,0.003043365478515625,0.857867683742039,0.02193295955657959,1.5146637193787391,0.008116576508297113,0.010893001221120358,0.0001186574756033296
WRD25,efficientnet_b3,12,WIN_20171014_14_58_53_Pro.jpg,jpeg_30,jpeg,30,0.001171875,0.830889370424412,0.009983062744140625,1.2604735471657746,0.006115867133795305,0.017750399187207222,0.0003150766713052068
WRD25,efficientnet_b3,12,WIN_20171014_14_55_17_Pro.jpg,jpeg_30,jpeg,30,0.001155853271484375,0.834768182097044,0.008134603500366211,1.2225328613642068,-0.04211439052166854,0.03202337399125099,0.0010254964817835305
WRD25,efficientnet_b3,13,20180115185608.jpg,jpeg_30,jpeg,30,0.002893829345703125,0.325715044107402,0.021848320960998535,1.433045589141654,0.028188536667911546,0.290292888879776,0.08426996133416598
WRD25,efficientnet_b3,13,WIN_20171014_15_31_49_Pro.jpg,jpeg_30,jpeg,30,0.004352569580078125,0.7741855838229936,0.0067754387855529785,1.494607096318181,0.033322026888532585,0.0660499557852745,0.004362596659236717
WRD25,efficientnet_b3,13,WIN_20171014_15_30_11_Pro.jpg,jpeg_30,jpeg,30,0.00189666748046875,0.8074327493239788,0.0074065327644348145,1.2722368464709297,-0.03172821972812656,0.021353507414460182,0.000455972278899406
WRD25,efficientnet_b3,13,20180115185548.jpg,jpeg_30,jpeg,30,0.001050567626953125,0.3259004492305408,0.020889341831207275,1.4147936332095385,-0.053264419369563054,0.29845738410949707,0.08907681012948387
WRD25,efficientnet_b3,13,20180115185556.jpg,jpeg_30,jpeg,30,0.002820587158203125,0.803771170184436,0.021677672863006592,1.4898757649843257,0.019069246890709213,0.027119504287838936,0.0007354675128181144
WRD25,efficientnet_b3,13,20180115185509.jpg,jpeg_30,jpeg,30,0.002513885498046875,0.8803713521334191,0.022822797298431396,1.5330156231548195,0.005175898151004166,0.004890733398497105,2.391927317517504e-05
WRD25,efficientnet_b3,13,WIN_20171014_15_30_05_Pro.jpg,jpeg_30,jpeg,30,0.00151824951171875,0.7697731167646523,0.0073163509368896484,1.2509010451005107,0.07889253862204515,0.04077814891934395,0.001662857429288192
WRD25,efficientnet_b3,13,20180115185648.jpg,jpeg_30,jpeg,30,0.00107269287109375,0.85281739121024,0.01974666118621826,1.3739016172326863,-0.040897428563946736,0.023259179666638374,0.000540989438764964
WRD25,efficientnet_b3,13,20180115185550.jpg,jpeg_30,jpeg,30,0.00266265869140625,0.7888879113253723,0.020165979862213135,1.4103361096734734,-0.07842357917162657,0.05163252353668213,0.002665917486766034
WRD25,efficientnet_b3,13,20180115185650.jpg,jpeg_30,jpeg,30,0.001282501220703125,0.8591810181793694,0.019172966480255127,1.4789588281281092,-0.0019416647982677393,0.01782560907304287,0.00031775233882494827
WRD25,efficientnet_b3,14,20180115173024.jpg,jpeg_30,jpeg,30,0.003110504150390625,0.7550650408029359,0.01039665937423706,1.374870446305774,-0.09125437822502414,0.07665909081697464,0.0058766162048851656
WRD25,efficientnet_b3,14,20180115175420.jpg,jpeg_30,jpeg,30,0.001197052001953125,0.3340050000648634,0.022476375102996826,1.4497456865159122,-0.07765540909475166,0.24445395171642303,0.059757734509775284
WRD25,efficientnet_b3,14,20180115173003.jpg,jpeg_30,jpeg,30,0.0012054443359375,0.836159771860188,0.011551976203918457,1.3466689957014784,0.00037697642189948866,0.015609495341777802,0.00024365634482498288
WRD25,efficientnet_b3,14,WIN_20171014_16_16_22_Pro.jpg,jpeg_30,jpeg,30,0.00095367431640625,0.7713435438155943,0.007370352745056152,1.0365593533274673,-0.024932289353987835,0.020013801753520966,0.0004005522606292389
WRD25,efficientnet_b3,14,20180115172842.jpg,jpeg_30,jpeg,30,0.00279388427734375,0.8315211479317172,0.01062864065170288,1.531833067464996,-0.03440712317044037,0.04169699549674988,0.0017386394334559796
WRD25,efficientnet_b3,14,20180115175509.jpg,jpeg_30,jpeg,30,0.00282745361328125,0.8723392167974723,0.015277743339538574,1.5513799140432478,0.002357311886852065,0.005986853502690792,3.5842414862681006e-05
WRD25,efficientnet_b3,14,20180115173018.jpg,jpeg_30,jpeg,30,0.00279693603515625,0.7625120997280336,0.01004105806350708,1.5057504794211671,-0.06254761408683374,0.06832075119018555,0.00466772504319124
WRD25,efficientnet_b3,14,20180115173022.jpg,jpeg_30,jpeg,30,0.001059722900390625,0.7849723801699144,0.010385334491729736,1.1912826815265287,-0.07033218964067411,0.04834038391709328,0.0023367927172519704
WRD25,efficientnet_b3,14,20180115173012.jpg,jpeg_30,jpeg,30,0.0026641845703125,0.8561527861914763,0.010212182998657227,1.5525122720180926,-0.007488625977746244,0.010117871686816216,0.00010237132747087721
WRD25,efficientnet_b3,14,20180115172829.jpg,jpeg_30,jpeg,30,0.0026702880859375,0.8613221722648362,0.010492980480194092,1.5825958862184257,-0.0021185677018911164,0.02079555206000805,0.000432454985480505
WRD25,efficientnet_b3,15,4-Millettia_stuhlmannii052.jpg,jpeg_30,jpeg,30,0.001342010498046875,0.8895037475001559,0.01489025354385376,1.5821856052899292,-0.000755918228364294,0.012663664296269417,0.00016036839340860878
WRD25,efficientnet_b3,15,4-Millettia_stuhlmannii107.jpg,jpeg_30,jpeg,30,0.001264190673828125,0.905028284079841,0.012183904647827148,1.4603515156109266,-0.03240084016799427,0.02278236858546734,0.0005190363183640891
WRD25,efficientnet_b3,15,4-Millettia_stuhlmannii034.jpg,jpeg_30,jpeg,30,0.000910186767578125,0.8565549477973913,0.014657735824584961,1.56052687321686,-0.011108826514309111,0.033811286091804504,0.0011432030671818527
WRD25,efficientnet_b3,15,4-Millettia_stuhlmannii079.jpg,jpeg_30,jpeg,30,0.001316070556640625,0.8968421640009189,0.013219356536865234,1.5145885029435022,-0.0018628941428047163,0.002147562801837921,4.612025987837942e-06
WRD25,efficientnet_b3,15,4-Millettia_stuhlmannii064.jpg,jpeg_30,jpeg,30,0.001500701904296875,0.9240261764917928,0.012012839317321777,1.533407289348626,-0.012851672897952637,0.01521554496139288,0.00023151280847216824
WRD25,efficientnet_b3,15,4-Millettia_stuhlmannii060.jpg,jpeg_30,jpeg,30,0.001598358154296875,0.9278912136474996,0.012093007564544678,1.556195743608677,-0.007806542778655778,0.014478749595582485,0.00020963418985157998
WRD25,efficientnet_b3,15,4-Millettia_stuhlmannii097.jpg,jpeg_30,jpeg,30,0.001393890380859375,0.9229402103296115,0.012443780899047852,1.5491464364095884,-0.003121239518589558,0.005592653062194586,3.127776827407448e-05
WRD25,efficientnet_b3,15,4-Millettia_stuhlmannii006.jpg,jpeg_30,jpeg,30,0.00064849853515625,0.8776264572180503,0.01794886589050293,1.5654088557629233,-0.008066026125388426,0.015011721290647984,0.00022535177610809396
WRD25,efficientnet_b3,15,4-Millettia_stuhlmannii027.jpg,jpeg_30,jpeg,30,0.0006439208984375,0.8118357741904161,0.01537257432937622,1.466821211330474,-0.06465560158445705,0.04935837909579277,0.0024362495869639927
WRD25,efficientnet_b3,15,4-Millettia_stuhlmannii108.jpg,jpeg_30,jpeg,30,0.001558685302734375,0.9074564885870297,0.011783957481384277,1.515486331282733,-0.02669332315557771,0.025079810991883278,0.0006289969193885893
WRD25,efficientnet_b3,16,20180108103531.jpg,jpeg_30,jpeg,30,0.00207672119140625,0.6777324316490897,0.010670363903045654,1.2727007226331057,0.005021571872535713,0.0034112778957933187,1.1636816882328092e-05
WRD25,efficientnet_b3,16,20180108103533.jpg,jpeg_30,jpeg,30,0.002008056640625,0.7971217953216958,0.010838091373443604,1.3507394776762256,0.022130510494457134,0.01519583910703659,0.0002309135261669426
WRD25,efficientnet_b3,16,20180108103545.jpg,jpeg_30,jpeg,30,0.002390289306640625,0.8224240084394205,0.010888814926147461,1.419908917861728,0.002889041408884907,0.021778840571641922,0.00047431789664499624
WRD25,efficientnet_b3,16,2016-10-17-14-25-45.jpg,jpeg_30,jpeg,30,0.0050537109375,0.745832478477004,0.007213175296783447,1.3171478605925753,-0.09983425040678151,0.056026436388492584,0.003138961574393806
WRD25,efficientnet_b3,16,20180108103548.jpg,jpeg_30,jpeg,30,0.002770233154296875,0.8212089337078927,0.011362075805664062,1.4635223652293905,-0.01892027678386654,0.02661154605448246,0.000708174383409841
WRD25,efficientnet_b3,16,20180108103521.jpg,jpeg_30,jpeg,30,0.00298309326171875,0.8346526845841353,0.009338140487670898,1.352438786051942,0.011619988948602611,0.006170343142002821,3.8073134490061245e-05
WRD25,efficientnet_b3,16,20180108103554.jpg,jpeg_30,jpeg,30,0.001727294921875,0.8743875544102252,0.010831475257873535,1.3532942789010045,-0.019653297172536277,0.015121221542358398,0.0002286513409330837
WRD25,efficientnet_b3,16,2016-10-17-14-26-26.jpg,jpeg_30,jpeg,30,0.002722930908203125,0.8088324254806981,0.00789022445678711,1.1602416279622034,-0.02881150425695922,0.019776003435254097,0.00039109031187118184
WRD25,efficientnet_b3,16,2016-10-17-14-26-21.jpg,jpeg_30,jpeg,30,0.0038055419921875,0.8118025075844705,0.007325232028961182,1.2302370923650732,0.018477787939416235,0.0092732273042202,8.599274463573503e-05
WRD25,efficientnet_b3,16,2016-10-17-14-26-16.jpg,jpeg_30,jpeg,30,0.00380096435546875,0.7819488621565899,0.007752478122711182,1.2693097654062173,0.028887414917850185,0.014827487990260124,0.00021985440010130822
WRD25,efficientnet_b3,17,WIN_20171014_16_50_37_Pro.jpg,jpeg_30,jpeg,30,0.004744720458984375,0.7681755806713079,0.008066296577453613,1.4828419758795066,0.073576289527443,0.04719046875834465,0.0022269403416323025
WRD25,efficientnet_b3,17,20180108103221.jpg,jpeg_30,jpeg,30,0.0015167236328125,0.280660197372036,0.008278131484985352,1.2323182697088324,-0.2687986447334145,0.36902880668640137,0.1361822601643894
WRD25,efficientnet_b3,17,20180108103229.jpg,jpeg_30,jpeg,30,0.00463104248046875,0.776380571479235,0.009190201759338379,1.4526129306124993,-0.008475330786265278,0.01263524778187275,0.00015964948650932023
WRD25,efficientnet_b3,17,20180108103302.jpg,jpeg_30,jpeg,30,0.002658843994140625,0.8186605748978049,0.008792996406555176,1.353218287474542,-0.03310855883930097,0.019925106316804886,0.00039700986173597796
WRD25,efficientnet_b3,17,WIN_20171014_16_50_42_Pro.jpg,jpeg_30,jpeg,30,0.0014984130859375,0.7967044944085782,0.007845163345336914,1.1554943049089854,-0.047865634889536546,0.025313328951597214,0.0006407646226117697
WRD25,efficientnet_b3,17,20180108103148.jpg,jpeg_30,jpeg,30,0.002371978759765625,0.8303482525644946,0.008981168270111084,1.492627611304214,-0.028672676147993847,0.03152959793806076,0.0009941155461357654
WRD25,efficientnet_b3,17,WIN_20171014_16_50_00_Pro.jpg,jpeg_30,jpeg,30,0.001116180419921875,0.8251338590973839,0.007723629474639893,1.1338527942172945,-0.027162068587170962,0.014670446515083313,0.00021522200095192012
WRD25,efficientnet_b3,17,20180108103058.jpg,jpeg_30,jpeg,30,0.001485443115234375,0.8430830717013361,0.00921785831451416,1.413711964836505,-0.054038773449653243,0.03323637321591377,0.0011046565045475104
WRD25,efficientnet_b3,17,WIN_20171014_16_51_24_Pro.jpg,jpeg_30,jpeg,30,0.002489471435546875,0.6695822042484925,0.008393168449401855,1.3850424480050336,0.1542731698874189,0.08465268462896347,0.007166077014890748
WRD25,efficientnet_b3,17,20180108103257.jpg,jpeg_30,jpeg,30,0.001949310302734375,0.7319798949272008,0.009430229663848877,1.3175306051975102,-0.13088534900760362,0.08455406129360199,0.007149389281242202
WRD25,efficientnet_b3,18,WIN_20170817_15_01_46_Pro.jpg,jpeg_30,jpeg,30,0.00533447265625,0.7900712627821411,0.008180081844329834,1.5636654730156612,-0.0014669473429089752,0.04058493673801422,0.0016471370900286164
WRD25,efficientnet_b3,18,b9d14972-d125-11e8-add8-b8ca3af93c9a.jpg,jpeg_30,jpeg,30,0.00200042724609375,0.8603061872225469,0.0077544450759887695,1.4002448973796824,0.05396764037257684,0.029184263199567795,0.0008517212185016471
WRD25,efficientnet_b3,18,9d080fec-d125-11e8-8817-b8ca3af93c9a.jpg,jpeg_30,jpeg,30,0.00249786376953125,0.8874653474071393,0.009462058544158936,1.5173915062693604,0.03003643951198831,0.028007689863443375,0.0007844306914868288
WRD25,efficientnet_b3,18,62b6c77e-d126-11e8-a3b4-b8ca3af93c9a.jpg,jpeg_30,jpeg,30,0.0029327392578125,0.8949034005900267,0.00785595178604126,1.552573646262331,0.01661799619617943,0.018602760508656502,0.0003460626985424299
WRD25,efficientnet_b3,18,5e901902-d126-11e8-92bc-b8ca3af93c9a.jpg,jpeg_30,jpeg,30,0.002392578125,0.8886952417063769,0.008705735206604004,1.4139317805947869,-0.0010053818996316188,0.006043925415724516,3.652903443084076e-05
WRD25,efficientnet_b3,18,20180108103331.jpg,jpeg_30,jpeg,30,0.00177459716796875,0.8496340695266594,0.008594632148742676,1.1288470581724872,0.00141487298505516,0.0048134648241102695,2.3169443612946908e-05
WRD25,efficientnet_b3,18,b4fa719e-d125-11e8-a739-b8ca3af93c9a.jpg,jpeg_30,jpeg,30,0.002458953857421875,0.8319835201286492,0.008087694644927979,1.473996862176229,0.0510664483660519,0.034274667501449585,0.0011747528323349243
WRD25,efficientnet_b3,18,WIN_20171014_14_20_36_Pro.jpg,jpeg_30,jpeg,30,0.001507568359375,0.6996300670568977,0.006992816925048828,1.235165941467693,-0.056085954667070226,0.03446196764707565,0.001187627214108089
WRD25,efficientnet_b3,18,20180108103401.jpg,jpeg_30,jpeg,30,0.002236175537109375,0.7912597312542341,0.008977115154266357,1.1970216685130532,0.0053224440512802396,0.0044500501826405525,1.9802946628019215e-05
WRD25,efficientnet_b3,18,ee71b4aa-d125-11e8-997d-b8ca3af93c9a.jpg,jpeg_30,jpeg,30,0.0021087646484375,0.8697950084109801,0.010619938373565674,1.3697548556310153,-0.006422844817437934,0.012771724723279476,0.0001631169524072282
WRD25,efficientnet_b3,19,20180106153242.jpg,jpeg_30,jpeg,30,0.001828765869140625,0.8325661775804024,0.0066495537757873535,1.4648901465171502,0.03351784925772905,0.034830544143915176,0.0012131668053612238
WRD25,efficientnet_b3,19,20180106153228.jpg,jpeg_30,jpeg,30,0.002684783935546875,0.36028370972708607,0.0062299370765686035,1.2116519427616228,-0.3513694873174371,0.2716841697692871,0.07381228810322682
WRD25,efficientnet_b3,19,20180106153153.jpg,jpeg_30,jpeg,30,0.00190887451171875,0.7266003345858151,0.00630420446395874,1.0197186432415262,-0.06729784938676153,0.02766379341483116,0.0007652854660984559
WRD25,efficientnet_b3,19,20180319131914.jpg,jpeg_30,jpeg,30,0.001993560791015625,0.674148804392757,0.008469879627227783,0.9524505489440424,0.14517004276853607,0.06322716176509857,0.003997673984869943
WRD25,efficientnet_b3,19,3380d864-d121-11e8-9852-b8ca3af93c9a.jpg,jpeg_30,jpeg,30,0.001560211181640625,0.7584888890399638,0.009143531322479248,1.274145074875591,0.0308957950961819,0.02422342263162136,0.0005867742039901459
WRD25,efficientnet_b3,19,20180106153147.jpg,jpeg_30,jpeg,30,0.005171966552734375,0.8006218202226721,0.005928099155426025,1.3686812893997742,0.006541894453556463,0.006923153065145016,4.7930048363426826e-05
WRD25,efficientnet_b3,19,4782ab26-d121-11e8-9bef-b8ca3af93c9a.jpg,jpeg_30,jpeg,30,0.000997161865234375,0.876282332374605,0.006722092628479004,1.1685200529560387,0.001631201697907425,0.015505648218095303,0.00024042512666332203
WRD25,efficientnet_b3,19,20180106153151.jpg,jpeg_30,jpeg,30,0.002100372314453125,0.7470418900696876,0.006560385227203369,1.1068341499110943,-0.04229325734769862,0.02295362390577793,0.0005268688504079001
WRD25,efficientnet_b3,19,20180106153244.jpg,jpeg_30,jpeg,30,0.0041748046875,0.8186035372780394,0.0064206719398498535,1.4897094397780686,-0.056930626568929776,0.05018928274512291,0.0025189641024698922
WRD25,efficientnet_b3,19,20180319131852.jpg,jpeg_30,jpeg,30,0.002161407470703125,0.6287023453405279,0.008748650550842285,1.0932078902028128,0.07282644378207981,0.026425693184137344,0.0006983172602621629
WRD25,efficientnet_b3,20,20180115182552.jpg,jpeg_30,jpeg,30,0.00152130126953125,0.7411448209250319,0.02258700132369995,1.1042248016962677,-0.051691124884461814,0.024667873978614807,0.0006085040066248215
WRD25,efficientnet_b3,20,WIN_20171014_14_27_14_Pro.jpg,jpeg_30,jpeg,30,0.001470947265625,0.7757236263338522,0.005887389183044434,0.8931906795603426,-0.12917447804500748,0.0410887710750103,0.001688287108454603
WRD25,efficientnet_b3,20,20180115182323.jpg,jpeg_30,jpeg,30,0.0012359619140625,0.8259941955730271,0.04802048206329346,1.358998141372009,-0.07935453972182382,0.04891955479979515,0.0023931228418101608
WRD25,efficientnet_b3,20,20180115182324.jpg,jpeg_30,jpeg,30,0.002105712890625,0.7743817395308147,0.020479023456573486,1.2508827530507525,-0.05578681915544159,0.025502527132630348,0.0006503788901505471
WRD25,efficientnet_b3,20,20180115182343.jpg,jpeg_30,jpeg,30,0.001439666748046875,0.7594518671660113,0.022499799728393555,1.0682169395228374,-0.03813362044039437,0.01802212931215763,0.0003247971449441313
WRD25,efficientnet_b3,20,20180115182333.jpg,jpeg_30,jpeg,30,0.001621246337890625,0.7274456017505887,0.023068010807037354,1.102316877166698,-0.018223724767355787,0.030190307646989822,0.0009114546758198921
WRD25,efficientnet_b3,20,20180115182547.jpg,jpeg_30,jpeg,30,0.00197601318359375,0.6083742219829088,0.021535158157348633,1.1502400574066591,-0.11139454931929538,0.04923117160797119,0.0024237082578935087
WRD25,efficientnet_b3,20,WIN_20171014_14_26_23_Pro.jpg,jpeg_30,jpeg,30,0.002834320068359375,0.6292026125774851,0.006017923355102539,1.0686257313460803,-0.07117643452316558,0.025945909321308136,0.0006731902105095444
WRD25,efficientnet_b3,20,20180115182424.jpg,jpeg_30,jpeg,30,0.001752471923828125,0.7402829236439489,0.01925945281982422,1.2457000047848594,0.03403655180285936,0.015061174519360065,0.0002268389779026209
WRD25,efficientnet_b3,20,20180115182415.jpg,jpeg_30,jpeg,30,0.001918792724609375,0.6642867140955554,0.03297233581542969,1.180980450172323,-0.16978306676523047,0.08545289188623428,0.007302196731720445
WRD25,efficientnet_b3,21,20180115184851.jpg,jpeg_30,jpeg,30,0.00134124755859375,0.8643163251984606,0.018983066082000732,1.5198054834690662,0.009899211826292609,0.03700902685523033,0.0013696680687711599
WRD25,efficientnet_b3,21,20180115184931.jpg,jpeg_30,jpeg,30,0.00128936767578125,0.7971118365068871,0.017675697803497314,1.4871819824053882,-0.06382027887939579,0.057696402072906494,0.003328874812158489
WRD25,efficientnet_b3,21,WIN_20171014_15_44_53_Pro.jpg,jpeg_30,jpeg,30,0.001937103271484375,0.3440055967885957,0.0072287917137146,1.2143779897620308,-0.2189469511837876,0.34595414996147156,0.11968427387556435
WRD25,efficientnet_b3,21,20180115184926.jpg,jpeg_30,jpeg,30,0.001136016845703125,0.8710352763121563,0.01459890604019165,1.4975642901349904,0.013531268441354216,0.02711406536400318,0.000735172540563437
WRD25,efficientnet_b3,21,20180115184948.jpg,jpeg_30,jpeg,30,0.001377105712890625,0.8477314293845697,0.018691599369049072,1.500823399175693,-0.013068581938701529,0.021493714302778244,0.00046197975452945406
WRD25,efficientnet_b3,21,WIN_20171014_15_40_27_Pro.jpg,jpeg_30,jpeg,30,0.0034393310546875,0.5671296988486163,0.008039414882659912,1.4320329022018616,-0.1360582898300342,0.11781684309244156,0.013880808516268994
WRD25,efficientnet_b3,21,20180115184803.jpg,jpeg_30,jpeg,30,0.001276397705078125,0.8279157559868358,0.01788431406021118,1.4857595439853637,-0.0536836746586673,0.052929025143384933,0.0028014817026290745
WRD25,efficientnet_b3,21,20180115184746.jpg,jpeg_30,jpeg,30,0.001279449462890625,0.8666077998074039,0.016570746898651123,1.4720458863511199,0.01664312647752042,0.01860293559730053,0.0003460692128373112
WRD25,efficientnet_b3,21,WIN_20171014_15_27_35_Pro.jpg,jpeg_30,jpeg,30,0.001201629638671875,0.28316653403786335,0.00781625509262085,1.2771556062984168,-0.06171987108141663,0.3182038962841034,0.10125371961038443
WRD25,efficientnet_b3,21,20180115184726.jpg,jpeg_30,jpeg,30,0.001214599609375,0.8689633307012592,0.016731679439544678,1.4922939386380119,-0.009010529506285447,0.022228268906474113,0.0004940959385785239
WRD25,efficientnet_b3,22,20180115180602.jpg,jpeg_30,jpeg,30,0.003167724609375,0.3194452838229489,0.02561020851135254,1.4510745743357547,0.03013615147441895,0.29084038734436035,0.08458813091061756
WRD25,efficientnet_b3,22,WIN_20171014_14_47_53_Pro.jpg,jpeg_30,jpeg,30,0.00086669921875,0.6821763584713807,0.01429837942123413,1.0698760570817851,-0.05512312428119315,0.021166663616895676,0.0004480276486708151
WRD25,efficientnet_b3,22,WIN_20171014_14_42_06_Pro.jpg,jpeg_30,jpeg,30,0.0046783447265625,0.8085496488867095,0.008512437343597412,1.501577939693507,-0.02560491358077388,0.021708747372031212,0.00047126971246267205
WRD25,efficientnet_b3,22,20180115180707.jpg,jpeg_30,jpeg,30,0.001129913330078125,0.3199686787839486,0.01860100030899048,1.2989384344997088,-0.07615394564327094,0.3708372414112091,0.13752025961747538
WRD25,efficientnet_b3,22,WIN_20171014_14_40_23_Pro.jpg,jpeg_30,jpeg,30,0.0024658203125,0.3519007723857382,0.006847202777862549,1.4047474264635849,-0.16777624199221175,0.1590333878993988,0.025291618466760646
WRD25,efficientnet_b3,22,20180115181217.jpg,jpeg_30,jpeg,30,0.001645660400390625,0.8233594294027878,0.03880608081817627,1.5325806880585509,0.02331506632310898,0.01954762265086174,0.00038210955130048296
WRD25,efficientnet_b3,22,20180115180551.jpg,jpeg_30,jpeg,30,0.002924346923828125,0.30172964078329056,0.0282403826713562,1.4115583699414045,-0.0605058383080328,0.27168968319892883,0.07381528395673431
WRD25,efficientnet_b3,22,20180115180544.jpg,jpeg_30,jpeg,30,0.001380157470703125,0.8380092343176807,0.029775798320770264,1.3777050881351727,-0.043220977194386334,0.02777605876326561,0.0007715094404203843
WRD25,efficientnet_b3,22,WIN_20171014_14_44_11_Pro.jpg,jpeg_30,jpeg,30,0.00456390380859375,0.34519108427093464,0.01083749532699585,1.4544235218436117,0.17680563422096807,0.35850828886032104,0.1285281931815554
WRD25,efficientnet_b3,22,20180115180704.jpg,jpeg_30,jpeg,30,0.00324554443359375,0.8535421639304097,0.016184568405151367,1.4101056627653454,-0.008969387152680142,0.018605835735797882,0.0003461771234274935
WRD25,efficientnet_b3,23,WIN_20170717_17_24_47_Pro.jpg,jpeg_30,jpeg,30,0.004592132568359375,0.8030608169320598,0.007234513759613037,1.2944220041294205,0.04075488372760261,0.019827397540211678,0.0003931256932175921
WRD25,efficientnet_b3,23,20180115183423.jpg,jpeg_30,jpeg,30,0.002512359619140625,0.8304836613961556,0.020086288452148438,1.4065054103924635,-0.00572263418552077,0.008603397756814957,7.401845296196863e-05
WRD25,efficientnet_b3,23,20180115182845.jpg,jpeg_30,jpeg,30,0.00212554931640625,0.8150430289167874,0.014270603656768799,1.4291183958082803,0.021357946360488267,0.03233165666460991,0.0010453360226782143
WRD25,efficientnet_b3,23,20180115183221.jpg,jpeg_30,jpeg,30,0.002399444580078125,0.810450885338131,0.015523076057434082,1.4771710510062148,0.05375699286845803,0.04368722066283226,0.001908573249242998
WRD25,efficientnet_b3,23,20180115183137.jpg,jpeg_30,jpeg,30,0.00229644775390625,0.8063575916252078,0.014747679233551025,1.4919660397356844,0.04647520077669287,0.05374922603368759,0.00288897929922044
WRD25,efficientnet_b3,23,20180115182738.jpg,jpeg_30,jpeg,30,0.00310821533203125,0.6250132838282902,0.023886501789093018,1.522296722533281,0.1069265055216071,0.07290016114711761,0.005314433495275717
WRD25,efficientnet_b3,23,20180115182951.jpg,jpeg_30,jpeg,30,0.001702880859375,0.7843692329071857,0.05841064453125,1.473593339867267,0.04514645063385614,0.04244718700647354,0.0018017636847625362
WRD25,efficientnet_b3,23,WIN_20170717_17_22_12_Pro.jpg,jpeg_30,jpeg,30,0.005517578125,0.6695759372951517,0.007085740566253662,1.5495687062768906,0.009391184825827459,0.07950890809297562,0.0063216664661372435
WRD25,efficientnet_b3,23,20180115182830.jpg,jpeg_30,jpeg,30,0.00303192138671875,0.8209599409943863,0.021108031272888184,1.4268918319698942,0.03615690268252725,0.022513575851917267,0.0005068610976400323
WRD25,efficientnet_b3,23,20180115182928.jpg,jpeg_30,jpeg,30,0.00252685546875,0.7911945168899214,0.01692277193069458,1.4783230109341616,0.0008525988268988094,0.004828207194805145,2.331158471596817e-05
WRD25,efficientnet_b3,24,WIN_20171029_10_57_02_Pro.jpg,jpeg_30,jpeg,30,0.00097503662109375,0.7917621275511016,0.009286880493164062,1.1596647402254838,-0.05612952159349516,0.02311878837645054,0.0005344783759951045
WRD25,efficientnet_b3,24,20180115184200.jpg,jpeg_30,jpeg,30,0.001357269287109375,0.8431560402799595,0.01607602834701538,1.3314384746443102,-0.03590660219137676,0.021729061380028725,0.0004721521084570558
WRD25,efficientnet_b3,24,20180115184415.jpg,jpeg_30,jpeg,30,0.002956390380859375,0.327188264714483,0.015249311923980713,1.45485555381017,0.008149260259141089,0.23409239947795868,0.05479925149334819
WRD25,efficientnet_b3,24,20180115184405.jpg,jpeg_30,jpeg,30,0.002837371826171875,0.7958284406278412,0.015210390090942383,1.5500811479932364,0.06450543485579274,0.06909507513046265,0.004774129407284278
WRD25,efficientnet_b3,24,20180115184159.jpg,jpeg_30,jpeg,30,0.002935791015625,0.3445405095305542,0.015827834606170654,1.459297768633895,0.14531646545852928,0.31571489572525024,0.09967589538280563
WRD25,efficientnet_b3,24,WIN_20171029_11_44_54_Pro.jpg,jpeg_30,jpeg,30,0.001470947265625,0.8006475604698093,0.007713139057159424,1.1724192635368758,-0.02922978041535762,0.022912075743079185,0.0005249632148565976
WRD25,efficientnet_b3,24,20180115184401.jpg,jpeg_30,jpeg,30,0.001221466064453125,0.7964546461889498,0.016294777393341064,1.2890950454171337,0.08330844919182923,0.04177910089492798,0.0017454932715885718
WRD25,efficientnet_b3,24,20180115184400.jpg,jpeg_30,jpeg,30,0.001557159423828125,0.7700485743206765,0.015205979347229004,1.282911232548782,-0.07075983754727644,0.04652651771903038,0.002164716851059248
WRD25,efficientnet_b3,24,20180115184343.jpg,jpeg_30,jpeg,30,0.001691436767578125,0.7873742514586239,0.01409924030303955,1.399509514963446,0.08559481173028183,0.04703130945563316,0.0022119440691115294
WRD25,efficientnet_b3,24,20180115184209.jpg,jpeg_30,jpeg,30,0.001399993896484375,0.8674856079284304,0.016968965530395508,1.414063977056802,-0.012934794112047454,0.008895677514374256,7.913307843974374e-05
